           | Num Elements | Min edge length | Max edge length | RMS edge length |   Min elem area |   Max elem area |  Mean elem area | Std Devn (area)
         6 |           49 |       0.0144201 |        0.195934 |        0.111381 |     0.000639942 |       0.0123535 |      0.00469975 |      0.00327034
      6283 |          625 |      0.00508055 |        0.239266 |       0.0361952 |     1.63265e-05 |      0.00823811 |     0.000491032 |     0.000799941
     55881 |          625 |      0.00508055 |        0.239266 |       0.0361952 |     1.63265e-05 |      0.00823811 |     0.000491032 |     0.000799941
     57901 |            4 |       0.0180865 |       0.0259893 |       0.0217785 |     0.000163738 |     0.000205909 |     0.000184824 |     1.87312e-05
     57903 |            4 |       0.0169744 |       0.0299496 |       0.0225305 |     0.000153671 |     0.000215977 |     0.000184824 |      3.1153e-05
     57905 |            4 |       0.0111613 |       0.0296699 |       0.0220978 |     0.000101044 |     0.000268603 |     0.000184824 |     6.09961e-05
     57907 |            4 |       0.0105586 |       0.0302726 |       0.0219384 |     9.55878e-05 |     0.000274059 |     0.000184824 |     6.33408e-05
     57909 |            6 |       0.0132251 |       0.0253606 |       0.0188309 |     9.40995e-05 |     0.000179987 |     0.000123216 |     3.39805e-05
     58138 |            4 |       0.0144445 |       0.0263867 |       0.0205984 |     0.000130767 |      0.00023888 |     0.000184824 |     5.33285e-05
     58140 |            2 |       0.0181061 |       0.0446656 |       0.0400983 |     0.000369647 |     0.000369647 |     0.000369647 |     5.14488e-12
     58142 |            2 |       0.0181061 |       0.0446656 |       0.0332684 |     0.000369647 |     0.000369647 |     0.000369647 |               0
     58144 |            2 |       0.0181061 |       0.0446656 |       0.0332684 |     0.000369647 |     0.000369647 |     0.000369647 |               0
     58146 |            3 |       0.0164713 |       0.0408312 |       0.0251598 |     0.000149115 |     0.000369647 |     0.000246431 |     9.18755e-05
     58147 |            7 |      0.00744437 |       0.0221574 |       0.0173322 |     3.59146e-05 |     0.000185607 |     0.000105613 |     4.34236e-05
     58148 |            3 |       0.0181061 |       0.0408312 |       0.0251823 |     0.000182261 |     0.000369647 |     0.000246431 |     8.71518e-05
     58149 |            4 |       0.0181061 |       0.0282263 |       0.0230978 |     0.000173613 |     0.000196034 |     0.000184824 |      9.0712e-06
     58150 |            2 |       0.0181061 |       0.0446656 |       0.0332684 |     0.000369647 |     0.000369647 |     0.000369647 |       -nan(ind)
     58151 |            3 |       0.0181061 |       0.0408312 |       0.0261399 |      0.00017065 |     0.000369647 |     0.000246431 |     8.78919e-05
     58152 |            4 |       0.0141078 |       0.0267234 |       0.0208552 |     0.000127718 |     0.000241929 |     0.000184824 |     4.26718e-05
     58153 |            2 |       0.0181061 |       0.0446656 |       0.0332684 |     0.000369647 |     0.000369647 |     0.000369647 |     5.14488e-12
     58154 |            3 |       0.0181061 |       0.0408312 |       0.0261086 |     0.000184724 |     0.000369647 |     0.000246431 |     8.71267e-05
     58155 |            3 |       0.0181061 |       0.0408312 |       0.0252887 |      0.00017773 |     0.000369647 |     0.000246431 |      8.7319e-05
     58156 |            4 |       0.0181061 |        0.027703 |       0.0230109 |     0.000179829 |     0.000189818 |     0.000184824 |     4.99421e-06
     58157 |            2 |       0.0181061 |       0.0446656 |       0.0278259 |     0.000369647 |     0.000369647 |     0.000369647 |       -nan(ind)
     58158 |            4 |       0.0181061 |       0.0279963 |       0.0220528 |     0.000176335 |     0.000193313 |     0.000184824 |     8.48892e-06
     58159 |            3 |       0.0178739 |       0.0408312 |       0.0251054 |     0.000161813 |     0.000369647 |     0.000246431 |     8.91294e-05
     58161 |            4 |        0.014386 |       0.0300163 |       0.0234297 |     0.000130238 |      0.00023941 |     0.000184824 |     4.47099e-05
     58163 |            3 |       0.0176375 |       0.0408312 |       0.0251091 |     0.000159673 |     0.000369647 |     0.000246431 |      8.9514e-05
     58165 |            3 |       0.0142489 |       0.0408312 |       0.0254048 |     0.000128996 |     0.000369647 |     0.000246431 |     9.83304e-05
     58167 |            5 |       0.0112235 |       0.0236687 |       0.0191161 |     0.000101607 |     0.000214275 |     0.000147859 |     3.74237e-05
     58396 |            8 |       0.0107555 |       0.0218664 |       0.0154505 |      6.1613e-05 |     0.000127304 |     9.24118e-05 |     2.21266e-05
     58398 |            6 |       0.0118513 |       0.0289799 |       0.0193224 |     0.000105132 |     0.000159131 |     0.000123216 |     1.81984e-05
     58400 |            3 |       0.0181061 |       0.0408312 |       0.0251568 |     0.000179056 |     0.000369647 |     0.000246431 |     8.72538e-05
     58402 |            6 |      0.00771391 |        0.026427 |        0.018572 |     6.85381e-05 |     0.000174269 |     0.000123216 |     3.87325e-05
     58404 |            3 |       0.0181061 |       0.0408312 |       0.0251137 |     0.000170639 |     0.000369647 |     0.000246431 |     8.78931e-05
     58405 |            4 |       0.0180865 |       0.0259893 |       0.0217785 |     0.000163738 |     0.000205909 |     0.000184824 |     1.87312e-05
     67263 |           13 |       0.0280998 |        0.089994 |        0.057544 |     0.000537671 |      0.00197612 |      0.00112727 |     0.000483688
     69022 |           19 |       0.0153776 |       0.0919638 |       0.0465982 |     0.000122528 |      0.00176318 |     0.000771288 |     0.000432469
     70052 |           49 |       0.0144201 |        0.195934 |        0.111381 |     0.000639942 |       0.0123535 |      0.00469975 |      0.00327034
     70184 |          270 |      0.00991334 |        0.216909 |       0.0564167 |     7.12412e-05 |       0.0119648 |      0.00126855 |      0.00165539
     70331 |          125 |      0.00991334 |        0.216909 |       0.0594214 |     7.12412e-05 |       0.0119648 |      0.00137004 |      0.00212793
     70347 |          145 |      0.00991334 |        0.119885 |       0.0536916 |     8.36478e-05 |       0.0040884 |      0.00118107 |      0.00108745
     70860 |           13 |       0.0280998 |        0.089994 |        0.057544 |     0.000537671 |      0.00197612 |      0.00112727 |     0.000483688
     70871 |           19 |       0.0153776 |       0.0919638 |       0.0465982 |     0.000122528 |      0.00176318 |     0.000771288 |     0.000432469
     70883 |           25 |       0.0153776 |        0.060161 |       0.0400793 |     0.000188498 |      0.00112115 |     0.000586179 |     0.000240548
     70884 |           25 |       0.0153776 |        0.060161 |       0.0400793 |     0.000188498 |      0.00112115 |     0.000586179 |     0.000240548
     70897 |           11 |       0.0156719 |        0.128214 |       0.0628371 |     0.000163134 |      0.00259477 |      0.00133222 |     0.000775452
     70898 |           11 |       0.0156719 |        0.128214 |       0.0628371 |     0.000163134 |      0.00259477 |      0.00133222 |     0.000775452
     70910 |           19 |       0.0785196 |        0.724149 |        0.342926 |      0.00497656 |        0.150065 |       0.0412943 |       0.0335552
     70914 |           19 |       0.0785196 |        0.724149 |        0.342926 |      0.00497656 |        0.150065 |       0.0412943 |       0.0335552
     71051 |            3 |       0.0181061 |       0.0408312 |       0.0251137 |     0.000170639 |     0.000369647 |     0.000246431 |     8.78931e-05
     71052 |            6 |      0.00771391 |        0.026427 |        0.018572 |     6.85381e-05 |     0.000174269 |     0.000123216 |     3.87325e-05
     71053 |            3 |       0.0181061 |       0.0408312 |       0.0251568 |     0.000179056 |     0.000369647 |     0.000246431 |     8.72538e-05
     71054 |            6 |       0.0118513 |       0.0289799 |       0.0193224 |     0.000105132 |     0.000159131 |     0.000123216 |     1.81984e-05
     71055 |            8 |       0.0107555 |       0.0218664 |       0.0154505 |      6.1613e-05 |     0.000127304 |     9.24118e-05 |     2.21266e-05
     71056 |            5 |       0.0112235 |       0.0236687 |       0.0191161 |     0.000101607 |     0.000214275 |     0.000147859 |     3.74237e-05
     71057 |            3 |       0.0142489 |       0.0408312 |       0.0254048 |     0.000128996 |     0.000369647 |     0.000246431 |     9.83304e-05
     71058 |            3 |       0.0176375 |       0.0408312 |       0.0251091 |     0.000159673 |     0.000369647 |     0.000246431 |      8.9514e-05
     71059 |            4 |        0.014386 |       0.0300163 |       0.0234297 |     0.000130238 |      0.00023941 |     0.000184824 |     4.47099e-05
     71060 |            3 |       0.0178739 |       0.0408312 |       0.0251054 |     0.000161813 |     0.000369647 |     0.000246431 |     8.91294e-05
     71061 |            4 |       0.0181061 |       0.0279963 |       0.0220528 |     0.000176335 |     0.000193313 |     0.000184824 |     8.48892e-06
     71062 |            2 |       0.0181061 |       0.0446656 |       0.0278259 |     0.000369647 |     0.000369647 |     0.000369647 |       -nan(ind)
     71063 |            4 |       0.0181061 |        0.027703 |       0.0230109 |     0.000179829 |     0.000189818 |     0.000184824 |     4.99421e-06
     71064 |            3 |       0.0181061 |       0.0408312 |       0.0252887 |      0.00017773 |     0.000369647 |     0.000246431 |      8.7319e-05
     71065 |            3 |       0.0181061 |       0.0408312 |       0.0261086 |     0.000184724 |     0.000369647 |     0.000246431 |     8.71267e-05
     71066 |            2 |       0.0181061 |       0.0446656 |       0.0332684 |     0.000369647 |     0.000369647 |     0.000369647 |     5.14488e-12
     71067 |            4 |       0.0141078 |       0.0267234 |       0.0208552 |     0.000127718 |     0.000241929 |     0.000184824 |     4.26718e-05
     71068 |            3 |       0.0181061 |       0.0408312 |       0.0261399 |      0.00017065 |     0.000369647 |     0.000246431 |     8.78919e-05
     71069 |            2 |       0.0181061 |       0.0446656 |       0.0332684 |     0.000369647 |     0.000369647 |     0.000369647 |       -nan(ind)
     71070 |            4 |       0.0181061 |       0.0282263 |       0.0230978 |     0.000173613 |     0.000196034 |     0.000184824 |      9.0712e-06
     71071 |            3 |       0.0181061 |       0.0408312 |       0.0251823 |     0.000182261 |     0.000369647 |     0.000246431 |     8.71518e-05
     71072 |            7 |      0.00744437 |       0.0221574 |       0.0173322 |     3.59146e-05 |     0.000185607 |     0.000105613 |     4.34236e-05
     71073 |            3 |       0.0164713 |       0.0408312 |       0.0251598 |     0.000149115 |     0.000369647 |     0.000246431 |     9.18755e-05
     71074 |            2 |       0.0181061 |       0.0446656 |       0.0332684 |     0.000369647 |     0.000369647 |     0.000369647 |               0
     71075 |            2 |       0.0181061 |       0.0446656 |       0.0332684 |     0.000369647 |     0.000369647 |     0.000369647 |               0
     71076 |            2 |       0.0181061 |       0.0446656 |       0.0400983 |     0.000369647 |     0.000369647 |     0.000369647 |     5.14488e-12
     71077 |            4 |       0.0144445 |       0.0263867 |       0.0205984 |     0.000130767 |      0.00023888 |     0.000184824 |     5.33285e-05
     71078 |            6 |       0.0132251 |       0.0253606 |       0.0188309 |     9.40995e-05 |     0.000179987 |     0.000123216 |     3.39805e-05
     71079 |            4 |       0.0105586 |       0.0302726 |       0.0219384 |     9.55878e-05 |     0.000274059 |     0.000184824 |     6.33408e-05
     71080 |            4 |       0.0111613 |       0.0296699 |       0.0220978 |     0.000101044 |     0.000268603 |     0.000184824 |     6.09961e-05
     71081 |            4 |       0.0169744 |       0.0299496 |       0.0225305 |     0.000153671 |     0.000215977 |     0.000184824 |      3.1153e-05
     71083 |          115 |      0.00377092 |       0.0351431 |       0.0151802 |     1.01738e-05 |     6.58784e-05 |     3.52435e-05 |     1.30712e-05
     71088 |          115 |      0.00377092 |       0.0351431 |       0.0151802 |     1.01738e-05 |     6.58784e-05 |     3.52435e-05 |     1.30712e-05
     71125 |          250 |      0.00316056 |        0.128214 |       0.0338888 |     1.17691e-05 |      0.00135601 |     0.000194803 |     0.000224076
     71130 |          250 |      0.00316056 |        0.128214 |       0.0338888 |     1.17691e-05 |      0.00135601 |     0.000194803 |     0.000224076
     71167 |          116 |      0.00377092 |       0.0386001 |       0.0148851 |      1.1343e-05 |      7.2779e-05 |     3.48916e-05 |     1.37265e-05
     71172 |          116 |      0.00377092 |       0.0386001 |       0.0148851 |      1.1343e-05 |      7.2779e-05 |     3.48916e-05 |     1.37265e-05
     71209 |          565 |      0.00226327 |        0.254795 |       0.0388168 |     5.74932e-06 |       0.0248781 |     0.000463837 |      0.00229858
     71250 |          565 |      0.00226327 |        0.254795 |       0.0388168 |     5.74932e-06 |       0.0248781 |     0.000463837 |      0.00229858
